commit 6944affb9b577
Return_Gradient: 
    4.0926   -3.9823    4.8560
   10.0160   -9.6590    5.0043
   10.5206  -10.2939   -1.0303
    4.6176   -4.6387   -2.8897
    9.4643   -2.5694   10.9801
   24.7625   -7.9122   11.8362
   26.5037   -9.3618   -3.0700
   10.6077   -3.7073   -7.1742
    9.2740    4.6577   11.2342
   25.0036   11.3661   11.2851
   25.9590    9.4806   -5.2417
   10.2953    3.8603   -8.2826
    3.9483    4.9211    4.8478
    9.5902   11.1921    4.4705
    9.9624   10.8767   -2.3379
    4.3768    4.7355   -3.8521
    2.6469   -8.9411   11.0194
    8.1306  -23.9611   11.7482
    8.8501  -26.1816   -3.8086
    3.6243  -10.4700   -7.2469
    6.8884   -6.9190   27.2646
   21.6131  -21.4566   30.2250
   25.7706  -26.6717  -11.4354
    8.5323   -8.4231  -19.7262
    7.2308   10.4579   27.4890
   21.2304   29.3402   30.0954
   22.4967   25.1709  -17.2955
    8.1989    9.7631  -22.4943
    2.6333   10.9071   10.7476
    6.7285   27.1717    9.4278
    7.3064   26.4239   -7.7909
    3.0651   10.6495   -9.8609
   -4.4662   -8.6431   11.4233
  -10.7854  -23.5813   12.0788
   -9.6612  -25.2854   -3.8980
   -3.9569  -10.4435   -7.4881
  -10.3016   -6.0236   28.1808
  -29.6291  -19.4022   28.4083
  -27.2795  -22.6326  -17.5388
  -11.5699   -8.9426  -21.4193
   -9.4664   10.3439   26.1380
  -27.6059   28.0631   23.8352
  -32.6279   27.7098  -26.1166
  -12.0815   10.2089  -24.8934
   -4.1435   10.7564   10.3086
  -10.7603   26.7232    8.6258
  -11.7160   26.8500   -9.8248
   -4.8802   10.8927  -10.5878
   -4.9878   -3.6793    5.1756
  -11.3284   -8.9555    5.2770
  -10.9266   -9.4861   -1.3396
   -4.8486   -4.3319   -3.3418
  -10.9368   -2.0901   11.4329
  -28.1693   -5.5628   12.0793
  -27.9087   -6.6937   -5.8053
  -11.8752   -2.9703   -8.8456
  -10.5379    4.4173   10.5453
  -27.4130   10.4236    8.8486
  -28.6347   11.7078   -9.2633
  -11.9221    4.6417  -10.1126
   -4.6382    4.7460    4.4591
  -10.9558   10.7795    3.3577
  -11.6999   10.9917   -4.0506
   -5.2686    4.9121   -4.6316

Return_Gradient: 
    4.7973   -4.0560    4.4583
   11.3700   -9.6396    4.0022
   11.9133  -10.1128   -2.4800
    5.3570   -4.6071   -3.7414
   10.8521   -2.7460   10.3170
   27.9950   -8.1483   10.0284
   29.9029   -9.1364   -6.4052
   12.2668   -3.9539   -8.7174
   10.9545    4.5736   10.0738
   28.4673   11.0452    8.9290
   29.4163    9.3839   -7.5423
   11.9981    3.3292   -9.2481
    4.9306    4.7585    4.3858
   11.3955   10.7255    3.5446
   11.6128   10.4975   -3.1768
    5.2544    4.4705   -4.1458
    4.5073   -9.5894    9.9638
   11.9981  -25.0891    9.2841
   11.9501  -26.9100   -6.7191
    4.9340  -10.8664   -8.8845
   10.4376   -7.9733   25.2358
   30.2150  -23.3305   26.9048
   33.4413  -28.0567  -17.9348
   12.1892   -9.9606  -22.9559
   10.9826    9.7977   24.8627
   29.5185   28.6727   25.7110
   31.5043   23.2155  -21.7315
   11.8065    7.9064  -24.2054
    4.5245   10.6389    9.7185
   10.8281   26.2135    8.7854
   11.2680   25.6932   -8.4568
    4.7446   10.2653  -10.2223
   -2.2883   -9.7519    9.9308
   -6.2494  -25.5274    9.1123
   -6.5567  -26.9937   -6.4129
   -2.8760  -11.2524   -9.0107
   -5.9788   -7.2110   24.8180
  -19.3240  -22.4489   22.3851
  -21.3361  -26.3929  -22.4299
   -8.0539  -10.9610  -23.8356
   -5.0523   10.1494   23.4068
  -17.9556   27.1024   18.2529
  -25.6368   25.7858  -29.8294
   -9.1222    8.2497  -26.3187
   -2.3001   10.7151    9.0192
   -6.5395   26.1361    6.5552
   -7.9092   26.1552  -11.4178
   -3.4137   10.2649  -11.1982
   -3.7655   -4.3090    4.2965
   -9.0793  -10.3618    3.7781
   -9.1219  -10.7052   -2.6278
   -4.2001   -4.8973   -3.8680
   -8.6526   -3.0866    9.5519
  -23.3357   -7.7755    8.7111
  -24.4342   -9.1013   -8.1056
  -10.3220   -4.2289   -9.5493
   -8.2049    4.0102    8.9014
  -22.6446    9.3073    6.1448
  -25.1775    9.6576  -10.7290
  -10.7194    3.4856  -10.8192
   -3.5328    4.5633    3.6707
   -8.8605   10.1343    2.0683
   -9.7568   10.1987   -5.0599
   -4.5633    4.4996   -5.1330


https://192.168.250.68/team/vstrap/-/tree/6e54ee2df833429ffb9dc051ae463b1d859ccdbc

Return_Gradient: 
    4.8389   -4.2405    4.3215
   11.5803  -10.1424    3.8359
   11.5803  -10.8139   -2.4555
    4.9430   -4.9419   -3.7115
   10.8352   -3.3365    9.7802
   27.9097   -9.1003    9.0559
   28.6023  -10.5749   -6.5906
   11.2071   -4.7532   -8.7016
   10.5751    3.6872    9.7463
   26.5201    8.6727    8.1155
   26.8970    7.6935   -7.9960
   10.8098    2.5136   -9.2653
    4.3614    4.3888    4.1556
   10.0244    9.8382    3.2214
   10.3875    9.9032   -3.0868
    4.5897    4.1499   -4.0696
    3.8519   -9.4204    9.9398
   10.8994  -25.3807    9.4875
   10.8156  -27.7076   -6.7227
    4.1694  -11.3681   -8.7094
    9.6237   -8.0014   24.6244
   27.4927  -23.5699   24.5572
   27.5666  -30.0357  -18.6065
    9.3612  -11.1973  -22.2685
    9.9492    8.7009   23.9965
   23.8979   24.3136   22.2168
   24.3571   19.8367  -22.1507
    8.9888    6.9460  -23.9950
    3.3611    9.8786    9.3376
    7.6203   24.5998    7.8871
    8.5028   24.7588   -8.3883
    3.5325    9.8424   -9.7641
   -3.7765   -9.3830   10.0394
   -9.3749  -25.8087    9.8186
   -8.3945  -28.1804   -6.1892
   -3.3395  -11.5878   -8.7911
   -8.5602   -7.5741   24.1890
  -25.7045  -24.0477   21.0095
  -25.2985  -26.2753  -22.4207
   -9.1007  -11.1813  -23.3213
   -7.6547    8.7389   22.4928
  -24.3735   24.1407   17.8363
  -30.7728   25.2867  -28.1470
   -9.9342    8.0162  -25.8472
   -3.6078    9.8121    8.9209
   -9.6225   24.7642    6.9930
  -10.1718   25.6641  -10.6391
   -4.0932   10.2781  -10.6412
   -4.6770   -4.0581    4.4606
  -10.6827  -10.1016    4.0684
  -10.3751  -10.8503   -2.6645
   -4.4494   -4.9427   -3.9182
  -10.3891   -2.9583    9.7612
  -26.5910   -7.8847    8.8711
  -26.7102   -8.5265   -9.2858
  -10.5981   -3.8765   -9.8954
  -10.3055    3.3408    8.7710
  -26.5060    8.4666    6.0462
  -27.9214    9.7124  -10.9953
  -11.0715    3.7987  -10.8835
   -4.5773    4.2640    3.6946
  -10.5820    9.9575    2.0688
  -10.9801   10.2547   -4.8667
   -4.8414    4.6300   -4.9474

